Скользащая средная c периодом 9
2006 01 01;367.44444444444446
2007 01 01;381.6666666666667
2008 01 01;398.3333333333333
2009 01 01;413.1111111111111
2010 01 01;431.1111111111111
2011 01 01;450.3333333333333
2012 01 01;470.6666666666667
2013 01 01;489.55555555555554
2014 01 01;506.77777777777777
2015 01 01;528.3333333333334
2016 01 01;549.5555555555555
2017 01 01;562.6666666666666
2018 01 01;571.8888888888889
2019 01 01;587.7777777777778
2020 01 01;607.0
Центрированная скользящая средняя
2007 01 01;382.48148148148147
2008 01 01;397.7037037037037
2009 01 01;414.18518518518516
2010 01 01;431.5185185185185
2011 01 01;450.7037037037037
2012 01 01;470.1851851851852
2013 01 01;489.0
2014 01 01;508.2222222222222
2015 01 01;528.2222222222222
2016 01 01;546.8518518518518
2017 01 01;561.3703703703703
2018 01 01;574.1111111111112
2019 01 01;588.8888888888889
Среднее значения = 548.7083333333334
Остатки регрессии
2001 01 01;0.9358439204081735
2002 01 01;1.000605239721864
2003 01 01;1.0880320501814484
2004 01 01;0.7808588454744141
2005 01 01;0.7412965889245687
2006 01 01;0.7899200764445049
2007 01 01;1.5307665554117846
2008 01 01;1.1894605300441365
2009 01 01;1.2046438304562512
2010 01 01;0.9028180502528349
2011 01 01;1.0464408296832843
2012 01 01;0.8382263599139568
2013 01 01;0.8867023604394594
2014 01 01;0.8141512728438979
2015 01 01;0.9593083586253306
2016 01 01;1.2624971806500949
2017 01 01;1.4378744291830554
2018 01 01;1.354188830264736
2019 01 01;1.0322983494209146
2020 01 01;0.8145189021342079
2021 01 01;0.8552014994842735
2022 01 01;0.9182668061162013
2023 01 01;0.9348590307084257
2024 01 01;0.7335130248595098
Прогноз
2024 01 01;794.3413593080861
2025 01 01;821.7774010082271
2026 01 01;898.7081650185718
2027 01 01;692.6081335896149
2028 01 01;758.7076577999203
2029 01 01;795.4726024463496
2030 01 01;949.6793170145103
2031 01 01;724.450148214346
2032 01 01;870.0980733789437
