Скользащая средная c периодом 8
2006 01 01;357.25
2007 01 01;366.0
2008 01 01;397.1875
2009 01 01;406.875
2010 01 01;423.0625
2011 01 01;432.9375
2012 01 01;470.5
2013 01 01;481.9375
2014 01 01;493.875
2015 01 01;509.6875
2016 01 01;551.625
2017 01 01;559.8125
2018 01 01;561.6875
2019 01 01;565.3125
2020 01 01;606.75
Центрированная скользящая средняя
2007 01 01;373.4791666666667
2008 01 01;390.0208333333333
2009 01 01;409.0416666666667
2010 01 01;420.9583333333333
2011 01 01;442.1666666666667
2012 01 01;461.7916666666667
2013 01 01;482.1041666666667
2014 01 01;495.1666666666667
2015 01 01;518.3958333333334
2016 01 01;540.375
2017 01 01;557.7083333333334
2018 01 01;562.2708333333334
2019 01 01;577.9166666666666
Среднее значения = 548.7083333333334
Остатки регрессии
2001 01 01;17.415381683745522
2002 01 01;22.451544771777606
2003 01 01;51.467828675270425
2004 01 01;-56.967442807580255
2005 01 01;-33.904030123889015
2006 01 01;-24.836292845657624
2007 01 01;46.047660790170994
2008 01 01;-82.3882733321646
2009 01 01;-14.203748751043008
2010 01 01;7.832414336996351
2011 01 01;58.848698240481895
2012 01 01;-66.58657324236879
2013 01 01;-14.52316055867027
2014 01 01;5.544576719553902
2015 01 01;86.42853035538974
2016 01 01;-55.007403766953075
2017 01 01;-1.822879185824263
2018 01 01;59.21328390220788
2019 01 01;107.22956780570064
2020 01 01;-91.20570367715732
2021 01 01;-74.1422909934588
2022 01 01;5.925446284772647
2023 01 01;116.80939992060121
2024 01 01;-93.62653420173433
Прогноз
2024 01 01;772.0300000000061
2025 01 01;795.0300000000061
2026 01 01;842.0300000000061
2027 01 01;751.0300000000134
2028 01 01;792.0300000000061
2029 01 01;819.0300000000134
2030 01 01;908.0300000000061
2031 01 01;797.0300000000061
