1953 1;12903
1953 2;12198
1953 3;13711
1953 4;14115
1953 5;14520
1953 6;14442
1953 7;14250
1953 8;14045
1953 9;13952
1953 10;14819
1953 11;13828
1953 12;16314
1954 1;12213
1954 2;11948
1954 3;13576
1954 4;14025
1954 5;14116
1954 6;14533
1954 7;14259
1954 8;13771
1954 9;14012
1954 10;14538
1954 11;14401
1954 12;17738
1955 1;13147
1955 2;12642
1955 3;14609
1955 4;15450
1955 5;15333
1955 6;15600
1955 7;15261
1955 8;15481
1955 9;15765
1955 10;15685
1955 11;15751
1955 12;19124
1956 1;13727
1956 2;13551
1956 3;15527
1956 4;15074
1956 5;16109
1956 6;16579
1956 7;15382
1956 8;16187
1956 9;15582
1956 10;16130
1956 11;16493
1956 12;19380
1957 1;14741
1957 2;14058
1957 3;15945
1957 4;16285
1957 5;17205
1957 6;17114
1957 7;16864
1957 8;17490
1957 9;16373
1957 10;16949
1957 11;17133
1957 12;19844
1958 1;15286
1958 2;13783
1958 3;15464
1958 4;16362
1958 5;17364
1958 6;16603
1958 7;16596
1958 8;17000
1958 9;16326
1958 10;17360
1958 11;17039
1958 12;21174
1959 1;16225
1959 2;14961
1959 3;16967
1959 4;17821
1959 5;18600
1959 6;18708
1959 7;18332
1959 8;18054
1959 9;17570
1959 10;19095
1959 11;17635
1959 12;21454
1960 1;16312
1960 2;15829
1960 3;17632
1960 4;18973
1960 5;18548
1960 6;18918
1960 7;18066
1960 8;18153
1960 9;17848
1960 10;18648
1960 11;18385
1960 12;22153
1961 1;15803
1961 2;15071
1961 3;17714
1961 4;17618
1961 5;18532
1961 6;18907
1961 7;17922
1961 8;18325
1961 9;18158
1961 10;18761
1961 11;19224
1961 12;22881
1962 1;17007
1962 2;16042
1962 3;19193
1962 4;19097
1962 5;20226
1962 6;20254
1962 7;19138
1962 8;19920
1962 9;18863
1962 10;20576
1962 11;20911
1962 12;24127
1963 1;18261
1963 2;17087
1963 3;19653
1963 4;20518
1963 5;21228
1963 6;20737
1963 7;20540
1963 8;21018
1963 9;19267
1963 10;21528
1963 11;21494
1963 12;25104
1964 1;19154
1964 2;18758
1964 3;20502
1964 4;21186
1964 5;22508
1964 6;22242
1964 7;22145
1964 8;21778
1964 9;21313
1964 10;22605
1964 11;21720
1964 12;27719